qseqid	sseqid	paralogy_index	paralogy_index_ignoreMissing	paralog_percent	paralog_percent_ignoreMissing	full_percent	unique_percent	missing_percent
4471	NODE_1_length_2642_cov_36.792843	0.96	1.05	4.2	4.6	92	87.8	8
4527	NODE_5_length_1007_cov_5.979545	0.32	1	0	0	31.7	31.7	68.3
4527	NODE_3_length_1114_cov_11.339412	0.32	1	0	0	31.7	31.7	68.3
4527	NODE_4_length_1068_cov_6.902232	0.31	1	0	0	31.4	31.4	68.6
4527	NODE_1_length_1791_cov_36.275240	0.69	1	0.2	0.3	68.9	68.6	31.1
4527	NODE_2_length_1523_cov_47.674785	0.62	1	0	0	62.1	62.1	37.9
4527	NODE_6_length_853_cov_32.581267	0.47	1	0	0	47.2	47.2	52.8
4691	NODE_4_length_631_cov_2.593254	0.14	1	0	0	14	14	86
4691	NODE_3_length_875_cov_6.048128	0.14	1	0	0	14	14	86
4691	NODE_1_length_1079_cov_20.700630	0.87	1	0.2	0.2	86.6	86.4	13.4
4691	NODE_2_length_1051_cov_14.906926	0.86	1	0	0	86.4	86.4	13.6
4724	NODE_2_length_1819_cov_29.952128	1	1	0	0	99.8	99.8	0.2
4724	NODE_1_length_1933_cov_28.687154	1.01	1.01	0.9	0.9	100	99.1	0
4724	NODE_3_length_740_cov_2.732463	0.38	1.02	0.9	2.4	37.3	36.4	62.7
4744	NODE_2_length_820_cov_4.053391	0.53	1	0	0	53.1	53.1	46.9
4744	NODE_1_length_1177_cov_30.531429	0.34	1	0	0	33.6	33.6	66.4
4757	NODE_3_length_871_cov_8.346774	0.29	1	0	0	29	29	71
4757	NODE_2_length_887_cov_19.077632	0.32	1	0	0	31.8	31.8	68.2
4757	NODE_1_length_1413_cov_30.447123	0.39	1	0	0	39.2	39.2	60.8
4793	NODE_3_length_1149_cov_28.887476	0.13	1	0	0	13.5	13.5	86.5
4793	NODE_4_length_1131_cov_28.169323	0.13	1	0	0	13.5	13.5	86.5
4793	NODE_1_length_1524_cov_46.647101	0.64	1	0.3	0.5	64	63.7	36
4793	NODE_2_length_1387_cov_47.157143	0.54	1	0	0	53.5	53.5	46.5
4793	NODE_6_length_558_cov_37.515081	0.11	1	0	0	11.5	11.5	88.5
4793	NODE_7_length_206_cov_1.430380	0.05	1	0	0	4.9	4.9	95.1
4796	NODE_2_length_1529_cov_60.343081	0.75	1.02	1.8	2.5	73.2	71.4	26.8
4796	NODE_1_length_1726_cov_7.580363	0.26	1	0	0	25.6	25.6	74.4
4796	NODE_3_length_780_cov_5.696784	0.17	1	0	0	16.9	16.9	83.1
4802	NODE_2_length_2219_cov_29.992352	0.58	1.01	0.8	1.3	57.7	56.9	42.3
4802	NODE_1_length_3430_cov_25.645171	0.66	1.01	0.6	1	65.8	65.2	34.2
4802	NODE_3_length_1436_cov_23.315508	0.31	1.02	0.5	1.7	30.9	30.4	69.1
4806	NODE_1_length_2135_cov_7.081175	0.9	1.01	0.5	0.6	89.4	88.9	10.6
4806	NODE_3_length_925_cov_5.448622	0.42	1	0	0	41.8	41.8	58.2
4806	NODE_2_length_1479_cov_12.370562	0.25	1	0	0	25.1	25.1	74.9
4848	NODE_1_length_2518_cov_12.025094	0.99	1.01	0.6	0.7	98.7	98.1	1.3
4848	NODE_2_length_1887_cov_18.684659	0.73	1.01	0.6	0.9	72.1	71.5	27.9
4889	NODE_1_length_1959_cov_9.469432	0.87	1.01	0.7	0.8	86	85.3	14
4889	NODE_2_length_1791_cov_8.712740	0.22	1	0	0	22.2	22.2	77.8
4890	NODE_1_length_1356_cov_10.538649	0.31	1.02	0.5	1.7	31	30.4	69
4890	NODE_2_length_1315_cov_16.944444	0.6	1.03	1.7	3	58.3	56.5	41.7
4893	NODE_1_length_2012_cov_21.500265	0.83	1.03	2.7	3.3	80.6	78	19.4
4893	NODE_2_length_1843_cov_17.671911	0.69	1.02	1.2	1.8	67.5	66.3	32.5
4932	NODE_1_length_1693_cov_58.745849	0.87	1.01	0.8	0.9	85.8	85	14.2
4932	NODE_2_length_986_cov_14.220023	0.16	1.03	0.4	2.6	15.3	14.9	84.7
4942	NODE_1_length_2830_cov_11.246023	0.82	1.01	0.9	1.1	81.2	80.3	18.8
4942	NODE_3_length_890_cov_3.724771	0.1	1	0	0	10.1	10.1	89.9
4942	NODE_2_length_1676_cov_26.799871	0.76	1.01	0.9	1.2	75.4	74.6	24.6
4942	NODE_4_length_721_cov_24.776094	0.49	1.01	0.7	1.4	48.1	47.4	51.9
4951	NODE_1_length_1521_cov_21.093257	1	1	0	0	100	100	0
4951	NODE_2_length_1335_cov_14.475993	1.01	1.01	0.5	0.5	100	99.5	0
4951	NODE_3_length_1195_cov_14.975655	0.82	1	0	0	81.6	81.6	18.4
4954	NODE_1_length_1611_cov_45.778976	0.56	1	0.2	0.4	55.9	55.7	44.1
4954	NODE_2_length_1256_cov_30.360496	0.25	1.06	1.3	5.6	23.7	22.4	76.3
4989	NODE_6_length_1309_cov_32.205584	0.95	1	0.3	0.3	94.7	94.4	5.3
4989	NODE_7_length_1275_cov_19.291812	0.95	1	0.3	0.3	94.7	94.4	5.3
4989	NODE_2_length_1477_cov_44.365185	0.95	1	0.3	0.3	94.7	94.4	5.3
4989	NODE_8_length_1213_cov_16.890424	0.95	1	0.3	0.3	94.7	94.4	5.3
4989	NODE_1_length_1789_cov_16.605897	0.95	1	0.3	0.3	94.7	94.4	5.3
4989	NODE_11_length_1030_cov_18.004430	0.95	1	0.3	0.3	94.7	94.4	5.3
4989	NODE_18_length_680_cov_19.549729	0.95	1	0.3	0.3	94.7	94.4	5.3
4989	NODE_13_length_925_cov_63.219298	0.95	1	0.3	0.3	94.7	94.4	5.3
4989	NODE_3_length_1358_cov_25.786353	0.95	1	0.3	0.3	94.7	94.4	5.3
4989	NODE_5_length_1347_cov_31.673770	0.95	1	0.3	0.3	94.7	94.4	5.3
4989	NODE_21_length_324_cov_7.878173	0.56	1	0	0	56.4	56.4	43.6
4989	NODE_4_length_1357_cov_20.682114	0.95	1	0.3	0.3	94.7	94.4	5.3
4989	NODE_16_length_736_cov_2.517241	0.37	1	0	0	36.8	36.8	63.2
4989	NODE_14_length_827_cov_22.985714	0.84	1	0.3	0.4	83.5	83.2	16.5
4989	NODE_12_length_927_cov_6.297500	0.36	1	0	0	35.5	35.5	64.5
4989	NODE_10_length_1116_cov_14.572295	0.39	1	0	0	39.3	39.3	60.7
4989	NODE_23_length_184_cov_193.087719	0.39	1	0	0	38.6	38.6	61.4
4989	NODE_9_length_1148_cov_14.810970	0.39	1	0	0	38.6	38.6	61.4
4989	NODE_19_length_632_cov_18.962376	0.3	1	0	0	29.6	29.6	70.4
4989	NODE_20_length_518_cov_12.767263	0.29	1	0	0	29	29	71
4989	NODE_15_length_808_cov_15.873715	0.2	1	0	0	20.2	20.2	79.8
4989	NODE_17_length_713_cov_16.607509	0.2	1	0	0	19.6	19.6	80.4
4992	NODE_1_length_4499_cov_20.274931	0.98	1.01	0.5	0.5	98	97.4	2
4992	NODE_4_length_975_cov_1.582547	0.11	1	0	0	11.1	11.1	88.9
4992	NODE_2_length_1455_cov_2.792922	0.08	1	0	0	7.6	7.6	92.4
