qseqid	sseqid	pident	length	mismatch	gapopen	qlen	qstart	qend	slen	sstart	send	evalue	bitscore	length.nuc	pair
4471	NODE_1_length_2625_cov_37.877502	98.387	124	2	0	662	54	177	2625	619	742	6.15e-59	219	124	4471_NODE_1_length_2625_cov_37.877502
4471	NODE_1_length_2625_cov_37.877502	98.198	111	2	0	662	266	376	2625	1177	1287	1.04e-51	195	111	4471_NODE_1_length_2625_cov_37.877502
4471	NODE_1_length_2625_cov_37.877502	97.273	110	2	1	662	554	662	2625	2164	2273	6.24e-49	185	110	4471_NODE_1_length_2625_cov_37.877502
4471	NODE_1_length_2625_cov_37.877502	100	101	0	0	662	457	557	2625	1823	1923	1.73e-49	187	101	4471_NODE_1_length_2625_cov_37.877502
4471	NODE_1_length_2625_cov_37.877502	98.98	98	1	0	662	174	271	2625	986	1083	3.76e-46	176	98	4471_NODE_1_length_2625_cov_37.877502
4471	NODE_1_length_2625_cov_37.877502	96.703	91	3	0	662	369	459	2625	1404	1494	6.33e-39	152	91	4471_NODE_1_length_2625_cov_37.877502
4527	NODE_1_length_1626_cov_54.119413	96.636	535	18	0	861	269	803	1626	1297	763	0	889	535	4527_NODE_1_length_1626_cov_54.119413
4527	NODE_1_length_1626_cov_54.119413	100	60	0	0	861	802	861	1626	536	477	1.4e-26	111	60	4527_NODE_1_length_1626_cov_54.119413
4527	NODE_2_length_1431_cov_40.928681	95.14	535	26	0	861	269	803	1431	1075	541	0	845	535	4527_NODE_2_length_1431_cov_40.928681
4527	NODE_3_length_1047_cov_11.325000	98.168	273	5	0	861	1	273	1047	354	626	1.2e-136	477	273	4527_NODE_3_length_1047_cov_11.325000
4527	NODE_4_length_789_cov_9.851964	94.872	273	14	0	861	1	273	789	602	330	1.23e-121	427	273	4527_NODE_4_length_789_cov_9.851964
4691	NODE_2_length_939_cov_16.714286	97.59	249	6	0	537	74	322	939	275	523	7.57e-122	427	249	4691_NODE_2_length_939_cov_16.714286
4691	NODE_2_length_939_cov_16.714286	97.209	215	6	0	537	323	537	939	619	833	6.02e-103	364	215	4691_NODE_2_length_939_cov_16.714286
4691	NODE_1_length_1071_cov_16.960805	96.8	250	8	0	537	73	322	1071	707	458	4.56e-119	418	250	4691_NODE_1_length_1071_cov_16.960805
4691	NODE_1_length_1071_cov_16.960805	93.519	216	14	0	537	322	537	1071	377	162	3.67e-90	322	216	4691_NODE_1_length_1071_cov_16.960805
4691	NODE_4_length_549_cov_2.431280	96	75	3	0	537	1	75	549	287	361	4e-30	122	75	4691_NODE_4_length_549_cov_2.431280
4691	NODE_3_length_765_cov_5.086207	96	75	3	0	537	1	75	765	337	411	4e-30	122	75	4691_NODE_3_length_765_cov_5.086207
4724	NODE_1_length_1753_cov_29.586101	98.77	244	3	0	660	1	244	1753	1340	1097	5.59e-124	435	244	4724_NODE_1_length_1753_cov_29.586101
4724	NODE_1_length_1753_cov_29.586101	98.421	190	3	0	660	471	660	1753	418	229	5.84e-94	335	190	4724_NODE_1_length_1753_cov_29.586101
4724	NODE_1_length_1753_cov_29.586101	98.639	147	2	0	660	324	470	1753	831	685	1e-71	261	147	4724_NODE_1_length_1753_cov_29.586101
4724	NODE_1_length_1753_cov_29.586101	98.734	79	1	0	660	245	323	1753	1022	944	1.37e-35	141	79	4724_NODE_1_length_1753_cov_29.586101
4724	NODE_2_length_1616_cov_21.388180	96.721	244	8	0	660	1	244	1616	1284	1041	1.22e-115	407	244	4724_NODE_2_length_1616_cov_21.388180
4724	NODE_2_length_1616_cov_21.388180	94.211	190	11	0	660	471	660	1616	351	162	1.28e-80	291	190	4724_NODE_2_length_1616_cov_21.388180
4724	NODE_2_length_1616_cov_21.388180	94.194	155	7	2	660	324	476	1616	765	611	6.09e-64	235	155	4724_NODE_2_length_1616_cov_21.388180
4724	NODE_2_length_1616_cov_21.388180	96.203	79	3	0	660	245	323	1616	955	877	2.96e-32	130	79	4724_NODE_2_length_1616_cov_21.388180
4724	NODE_3_length_606_cov_5.954071	95.263	190	9	0	660	471	660	606	343	154	5.92e-84	302	190	4724_NODE_3_length_606_cov_5.954071
4744	NODE_2_length_566_cov_2.624146	95.833	120	5	0	226	1	120	566	388	269	3.38e-52	195	120	4744_NODE_2_length_566_cov_2.624146
4744	NODE_1_length_912_cov_30.434395	98.684	76	1	0	226	118	193	912	379	454	2.08e-34	135	76	4744_NODE_1_length_912_cov_30.434395
4757	NODE_2_length_834_cov_23.366337	98.857	175	2	0	551	161	335	834	275	449	2.27e-87	313	175	4757_NODE_2_length_834_cov_23.366337
4757	NODE_3_length_772_cov_11.091473	96.875	160	5	0	551	1	160	772	270	429	4.99e-74	268	160	4757_NODE_3_length_772_cov_11.091473
4757	NODE_1_length_1162_cov_32.556522	97.321	112	3	0	551	440	551	1162	712	823	1.11e-50	191	112	4757_NODE_1_length_1162_cov_32.556522
4757	NODE_1_length_1162_cov_32.556522	98.077	104	2	0	551	336	439	1162	461	564	6.68e-48	182	104	4757_NODE_1_length_1162_cov_32.556522
4793	NODE_1_length_1489_cov_63.839207	98.521	541	8	0	1011	183	723	1489	412	952	0	955	541	4793_NODE_1_length_1489_cov_63.839207
4793	NODE_1_length_1489_cov_63.839207	94	50	0	1	1011	724	773	1489	1407	1453	7.8e-15	73.1	50	4793_NODE_1_length_1489_cov_63.839207
4793	NODE_2_length_1363_cov_51.735437	95.379	541	25	0	1011	183	723	1363	321	861	0	861	541	4793_NODE_2_length_1363_cov_51.735437
4793	NODE_2_length_1363_cov_51.735437	98.246	57	0	1	1011	721	776	1363	1075	1131	1.29e-22	99	57	4793_NODE_2_length_1363_cov_51.735437
4793	NODE_3_length_1133_cov_24.572565	99.265	136	1	0	1011	1	136	1133	521	656	4.34e-67	246	136	4793_NODE_3_length_1133_cov_24.572565
4793	NODE_4_length_923_cov_26.748744	98.529	136	2	0	1011	1	136	923	442	577	2.02e-65	241	136	4793_NODE_4_length_923_cov_26.748744
4796	NODE_1_length_1588_cov_33.931554	98.773	163	2	0	720	312	474	1588	1183	1345	1.4e-80	291	163	4796_NODE_1_length_1588_cov_33.931554
4796	NODE_1_length_1588_cov_33.931554	98.305	118	2	0	720	133	250	1588	711	828	1.45e-55	207	118	4796_NODE_1_length_1588_cov_33.931554
4796	NODE_1_length_1588_cov_33.931554	96.522	115	3	1	720	25	138	1588	530	644	5.25e-50	189	115	4796_NODE_1_length_1588_cov_33.931554
4796	NODE_1_length_1588_cov_33.931554	97.101	69	1	1	720	249	316	1588	1009	1077	9.03e-28	115	69	4796_NODE_1_length_1588_cov_33.931554
4796	NODE_2_length_1259_cov_8.778269	97.541	122	3	0	720	599	720	1259	372	251	4.03e-56	209	122	4796_NODE_2_length_1259_cov_8.778269
4796	NODE_2_length_1259_cov_8.778269	98.387	62	1	0	720	537	598	1259	974	913	4.2e-26	110	62	4796_NODE_2_length_1259_cov_8.778269
4796	NODE_3_length_644_cov_3.833656	92.623	122	8	1	720	599	720	644	358	238	1.47e-45	174	122	4796_NODE_3_length_644_cov_3.833656
4802	NODE_1_length_2242_cov_28.895508	96.183	131	5	0	784	264	394	2242	1428	1558	9.44e-58	215	131	4802_NODE_1_length_2242_cov_28.895508
4802	NODE_1_length_2242_cov_28.895508	95.146	103	5	0	784	1	103	2242	444	546	3.47e-42	163	103	4802_NODE_1_length_2242_cov_28.895508
4802	NODE_1_length_2242_cov_28.895508	98.81	84	1	0	784	460	543	2242	1852	1935	2.7e-38	150	84	4802_NODE_1_length_2242_cov_28.895508
4802	NODE_1_length_2242_cov_28.895508	97.297	74	2	0	784	101	174	2242	798	871	4.55e-31	126	74	4802_NODE_1_length_2242_cov_28.895508
4802	NODE_1_length_2242_cov_28.895508	95.455	66	3	0	784	172	237	2242	954	1019	5.93e-25	106	66	4802_NODE_1_length_2242_cov_28.895508
4802	NODE_4_length_1347_cov_24.117213	96.429	112	4	0	784	673	784	1347	821	932	7.4e-49	185	112	4802_NODE_4_length_1347_cov_24.117213
4802	NODE_4_length_1347_cov_24.117213	95.652	69	3	0	784	543	611	1347	296	364	1.27e-26	111	69	4802_NODE_4_length_1347_cov_24.117213
4802	NODE_4_length_1347_cov_24.117213	98.462	65	1	0	784	611	675	1347	620	684	9.85e-28	115	65	4802_NODE_4_length_1347_cov_24.117213
4802	NODE_2_length_1738_cov_17.670391	93.548	124	8	0	784	270	393	1738	601	478	7.4e-49	185	124	4802_NODE_2_length_1738_cov_17.670391
4802	NODE_2_length_1738_cov_17.670391	96.429	84	3	0	784	460	543	1738	208	125	5.85e-35	139	84	4802_NODE_2_length_1738_cov_17.670391
4802	NODE_2_length_1738_cov_17.670391	91.045	67	6	0	784	171	237	1738	1100	1034	1.66e-20	91.6	67	4802_NODE_2_length_1738_cov_17.670391
4802	NODE_3_length_1525_cov_22.135908	95.536	112	5	0	784	673	784	1525	990	1101	3.44e-47	180	112	4802_NODE_3_length_1525_cov_22.135908
4802	NODE_3_length_1525_cov_22.135908	95.652	69	3	0	784	543	611	1525	479	547	1.27e-26	111	69	4802_NODE_3_length_1525_cov_22.135908
4802	NODE_3_length_1525_cov_22.135908	98.462	65	1	0	784	611	675	1525	793	857	9.85e-28	115	65	4802_NODE_3_length_1525_cov_22.135908
4806	NODE_3_length_827_cov_4.228571	94.85	233	12	0	557	1	233	827	567	335	6.25e-103	364	233	4806_NODE_3_length_827_cov_4.228571
4806	NODE_2_length_1190_cov_6.456256	97.531	81	2	0	557	477	557	1190	368	288	4.13e-35	139	81	4806_NODE_2_length_1190_cov_6.456256
4806	NODE_2_length_1190_cov_6.456256	96.203	79	3	0	557	401	479	1190	787	709	2.48e-32	130	79	4806_NODE_2_length_1190_cov_6.456256
4806	NODE_1_length_1476_cov_9.263899	96.203	79	3	0	557	401	479	1476	1036	1114	2.48e-32	130	79	4806_NODE_1_length_1476_cov_9.263899
4806	NODE_1_length_1476_cov_9.263899	95.082	61	3	0	557	339	399	1476	507	567	2.52e-22	97.1	61	4806_NODE_1_length_1476_cov_9.263899
4848	NODE_1_length_2184_cov_15.516772	96.751	277	9	0	621	1	277	2184	1941	1665	2.41e-132	462	277	4848_NODE_1_length_2184_cov_15.516772
4848	NODE_1_length_2184_cov_15.516772	96.347	219	7	1	621	274	492	2184	1389	1172	3.25e-101	359	219	4848_NODE_1_length_2184_cov_15.516772
4848	NODE_1_length_2184_cov_15.516772	97.581	124	3	0	621	497	620	2184	509	386	2.68e-57	213	124	4848_NODE_1_length_2184_cov_15.516772
4848	NODE_2_length_847_cov_24.323611	97.581	124	3	0	621	497	620	847	561	438	2.68e-57	213	124	4848_NODE_2_length_847_cov_24.323611
4889	NODE_1_length_1607_cov_11.822973	97.403	154	4	0	559	328	481	1607	323	170	2.35e-72	263	154	4889_NODE_1_length_1607_cov_11.822973
4889	NODE_1_length_1607_cov_11.822973	100	146	0	0	559	61	206	1607	1266	1121	1.41e-74	270	146	4889_NODE_1_length_1607_cov_11.822973
4889	NODE_1_length_1607_cov_11.822973	97.581	124	3	0	559	207	330	1607	665	542	2.41e-57	213	124	4889_NODE_1_length_1607_cov_11.822973
4889	NODE_1_length_1607_cov_11.822973	98.361	61	1	0	559	1	61	1607	1415	1355	1.17e-25	108	61	4889_NODE_1_length_1607_cov_11.822973
4889	NODE_2_length_1413_cov_7.727061	96.694	121	4	0	559	207	327	1413	865	985	5.21e-54	202	121	4889_NODE_2_length_1413_cov_7.727061
4890	NODE_2_length_1164_cov_16.990357	97.037	135	4	0	575	103	237	1164	250	384	8.84e-62	228	135	4890_NODE_2_length_1164_cov_16.990357
4890	NODE_2_length_1164_cov_16.990357	96.939	98	2	1	575	227	324	1164	460	556	2.53e-42	163	98	4890_NODE_2_length_1164_cov_16.990357
4890	NODE_2_length_1164_cov_16.990357	100	67	0	0	575	371	437	1164	807	873	1.19e-30	124	67	4890_NODE_2_length_1164_cov_16.990357
4890	NODE_2_length_1164_cov_16.990357	96.078	51	2	0	575	323	373	1164	655	705	2.03e-18	84.2	51	4890_NODE_2_length_1164_cov_16.990357
4890	NODE_1_length_1318_cov_13.277918	94.615	130	7	0	575	103	232	1318	304	433	5.36e-54	202	130	4890_NODE_1_length_1318_cov_13.277918
4890	NODE_1_length_1318_cov_13.277918	92.308	52	3	1	575	55	105	1318	155	206	4.38e-15	73.1	52	4890_NODE_1_length_1318_cov_13.277918
4893	NODE_2_length_1987_cov_19.032258	98.485	132	2	0	753	363	494	1987	652	783	2.5e-63	233	132	4893_NODE_2_length_1987_cov_19.032258
4893	NODE_2_length_1987_cov_19.032258	98.333	120	2	0	753	248	367	1987	440	559	1.17e-56	211	120	4893_NODE_2_length_1987_cov_19.032258
4893	NODE_2_length_1987_cov_19.032258	98.095	105	2	0	753	147	251	1987	253	357	2.56e-48	183	105	4893_NODE_2_length_1987_cov_19.032258
4893	NODE_2_length_1987_cov_19.032258	95.192	104	5	0	753	590	693	1987	1427	1530	9.26e-43	165	104	4893_NODE_2_length_1987_cov_19.032258
4893	NODE_2_length_1987_cov_19.032258	100	103	0	0	753	492	594	1987	1225	1327	1.53e-50	191	103	4893_NODE_2_length_1987_cov_19.032258
4893	NODE_2_length_1987_cov_19.032258	96.667	60	2	0	753	694	753	1987	1795	1854	2.65e-23	100	60	4893_NODE_2_length_1987_cov_19.032258
4893	NODE_1_length_2075_cov_12.071869	94.574	129	7	0	753	366	494	2075	795	923	2.54e-53	200	129	4893_NODE_1_length_2075_cov_12.071869
4893	NODE_1_length_2075_cov_12.071869	93.333	120	8	0	753	248	367	2075	578	697	1.19e-46	178	120	4893_NODE_1_length_2075_cov_12.071869
4893	NODE_1_length_2075_cov_12.071869	90.566	106	9	1	753	493	598	2075	1365	1469	5.61e-35	139	106	4893_NODE_1_length_2075_cov_12.071869
4893	NODE_1_length_2075_cov_12.071869	94.286	105	6	0	753	147	251	2075	389	493	1.2e-41	161	105	4893_NODE_1_length_2075_cov_12.071869
4893	NODE_1_length_2075_cov_12.071869	96.774	62	1	1	753	92	153	2075	1	61	7.36e-24	102	62	4893_NODE_1_length_2075_cov_12.071869
4893	NODE_1_length_2075_cov_12.071869	90	60	6	0	753	694	753	2075	1865	1924	1.24e-16	78.7	60	4893_NODE_1_length_2075_cov_12.071869
4932	NODE_1_length_1913_cov_29.714446	97.342	489	13	0	996	1	489	1913	1436	948	0	832	489	4932_NODE_1_length_1913_cov_29.714446
4932	NODE_1_length_1913_cov_29.714446	96.985	199	5	1	996	657	855	1913	571	374	3.19e-93	333	199	4932_NODE_1_length_1913_cov_29.714446
4932	NODE_1_length_1913_cov_29.714446	96.512	172	6	0	996	487	658	1913	829	658	9.06e-79	285	172	4932_NODE_1_length_1913_cov_29.714446
4932	NODE_2_length_993_cov_13.378753	97.561	82	2	0	996	915	996	993	509	590	2.08e-35	141	82	4932_NODE_2_length_993_cov_13.378753
4932	NODE_2_length_993_cov_13.378753	100	74	0	0	996	845	918	993	296	369	2.68e-34	137	74	4932_NODE_2_length_993_cov_13.378753
4942	NODE_2_length_1736_cov_23.360472	98.16	163	3	0	574	337	499	1736	1153	991	5.16e-79	285	163	4942_NODE_2_length_1736_cov_23.360472
4942	NODE_2_length_1736_cov_23.360472	98.291	117	2	0	574	224	340	1736	1412	1296	4.14e-55	206	117	4942_NODE_2_length_1736_cov_23.360472
4942	NODE_2_length_1736_cov_23.360472	100	76	0	0	574	499	574	1736	572	497	1.18e-35	141	76	4942_NODE_2_length_1736_cov_23.360472
4942	NODE_1_length_1909_cov_19.753648	93.865	163	10	0	574	337	499	1909	859	1021	2.44e-67	246	163	4942_NODE_1_length_1909_cov_19.753648
4942	NODE_1_length_1909_cov_19.753648	93.162	117	8	0	574	224	340	1909	605	721	4.2e-45	172	117	4942_NODE_1_length_1909_cov_19.753648
4942	NODE_1_length_1909_cov_19.753648	97.368	76	2	0	574	499	574	1909	1402	1477	2.56e-32	130	76	4942_NODE_1_length_1909_cov_19.753648
4942	NODE_1_length_1909_cov_19.753648	100	56	0	0	574	168	223	1909	456	511	1.55e-24	104	56	4942_NODE_1_length_1909_cov_19.753648
4942	NODE_4_length_611_cov_2.371901	96.61	59	2	0	574	1	59	611	334	392	7.22e-23	99	59	4942_NODE_4_length_611_cov_2.371901
4942	NODE_3_length_836_cov_3.544429	94.915	59	3	0	574	1	59	836	401	459	3.36e-21	93.5	59	4942_NODE_3_length_836_cov_3.544429
4951	NODE_2_length_1261_cov_17.207231	98.444	450	4	1	548	102	548	1261	791	342	0	789	450	4951_NODE_2_length_1261_cov_17.207231
4951	NODE_2_length_1261_cov_17.207231	100	101	0	0	548	1	101	1261	1245	1145	1.43e-49	187	101	4951_NODE_2_length_1261_cov_17.207231
4951	NODE_1_length_1708_cov_13.447185	93.556	450	24	2	548	102	548	1708	962	515	0	665	450	4951_NODE_1_length_1708_cov_13.447185
4951	NODE_1_length_1708_cov_13.447185	96.939	98	3	0	548	4	101	1708	1384	1287	6.69e-43	165	98	4951_NODE_1_length_1708_cov_13.447185
4954	NODE_1_length_1171_cov_37.855364	97.619	420	10	0	911	1	420	1171	361	780	0	721	420	4954_NODE_1_length_1171_cov_37.855364
4954	NODE_1_length_1171_cov_37.855364	100	88	0	0	911	419	506	1171	1004	1091	4.04e-42	163	88	4954_NODE_1_length_1171_cov_37.855364
4954	NODE_2_length_1162_cov_27.300483	100	95	0	0	911	506	600	1162	446	540	5.19e-46	176	95	4954_NODE_2_length_1162_cov_27.300483
4954	NODE_2_length_1162_cov_27.300483	93.421	76	3	1	911	591	664	1162	673	748	1.49e-26	111	76	4954_NODE_2_length_1162_cov_27.300483
4954	NODE_2_length_1162_cov_27.300483	100	59	0	0	911	663	721	1162	829	887	5.34e-26	110	59	4954_NODE_2_length_1162_cov_27.300483
4989	NODE_1_length_1326_cov_39.886572	98.343	181	3	0	321	1	181	1326	915	735	2.78e-89	318	181	4989_NODE_1_length_1326_cov_39.886572
4989	NODE_1_length_1326_cov_39.886572	96.774	124	4	0	321	181	304	1326	606	483	6.28e-56	207	124	4989_NODE_1_length_1326_cov_39.886572
4989	NODE_2_length_1214_cov_56.003680	96.685	181	5	1	321	1	181	1214	354	533	1.01e-83	300	181	4989_NODE_2_length_1214_cov_56.003680
4989	NODE_2_length_1214_cov_56.003680	95.968	124	5	0	321	181	304	1214	660	783	2.92e-54	202	124	4989_NODE_2_length_1214_cov_56.003680
4989	NODE_7_length_710_cov_48.782161	95.58	181	8	0	321	1	181	710	261	441	6.06e-81	291	181	4989_NODE_7_length_710_cov_48.782161
4989	NODE_7_length_710_cov_48.782161	96.774	124	4	0	321	181	304	710	568	691	6.28e-56	207	124	4989_NODE_7_length_710_cov_48.782161
4989	NODE_3_length_1173_cov_35.240918	95.58	181	8	0	321	1	181	1173	916	736	6.06e-81	291	181	4989_NODE_3_length_1173_cov_35.240918
4989	NODE_3_length_1173_cov_35.240918	93.548	124	8	0	321	181	304	1173	607	484	2.94e-49	185	124	4989_NODE_3_length_1173_cov_35.240918
4989	NODE_4_length_1151_cov_16.756836	95.58	181	7	1	321	1	181	1151	178	357	2.18e-80	289	181	4989_NODE_4_length_1151_cov_16.756836
4989	NODE_4_length_1151_cov_16.756836	95.968	124	3	1	321	181	304	1151	484	605	1.05e-53	200	124	4989_NODE_4_length_1151_cov_16.756836
4989	NODE_8_length_635_cov_21.683071	95.028	181	8	1	321	1	181	635	393	214	1.01e-78	283	181	4989_NODE_8_length_635_cov_21.683071
4989	NODE_8_length_635_cov_21.683071	96.552	87	3	0	321	181	267	635	87	1	4.99e-37	145	87	4989_NODE_8_length_635_cov_21.683071
4989	NODE_5_length_972_cov_21.299408	94.505	182	9	1	321	1	181	972	253	434	1.31e-77	279	182	4989_NODE_5_length_972_cov_21.299408
4989	NODE_5_length_972_cov_21.299408	95.283	106	5	0	321	181	286	972	557	662	2.96e-44	169	106	4989_NODE_5_length_972_cov_21.299408
4989	NODE_6_length_854_cov_18.613480	94.595	74	4	0	321	108	181	854	703	630	3.91e-28	115	74	4989_NODE_6_length_854_cov_18.613480
4989	NODE_9_length_398_cov_1.896679	90.123	81	8	0	321	30	110	398	266	186	2.36e-25	106	81	4989_NODE_9_length_398_cov_1.896679
4992	NODE_1_length_4224_cov_31.652429	98.712	233	3	0	1519	202	434	4224	1134	1366	1.7e-117	414	233	4992_NODE_1_length_4224_cov_31.652429
4992	NODE_1_length_4224_cov_31.652429	96.791	187	6	0	1519	1333	1519	4224	3709	3895	6.38e-87	313	187	4992_NODE_1_length_4224_cov_31.652429
4992	NODE_1_length_4224_cov_31.652429	97.802	182	4	0	1519	577	758	4224	1730	1911	1.77e-87	315	182	4992_NODE_1_length_4224_cov_31.652429
4992	NODE_1_length_4224_cov_31.652429	98.844	173	2	0	1519	998	1170	4224	2855	3027	8.25e-86	309	173	4992_NODE_1_length_4224_cov_31.652429
4992	NODE_1_length_4224_cov_31.652429	97.661	171	4	0	1519	32	202	4224	872	1042	2.31e-81	294	171	4992_NODE_1_length_4224_cov_31.652429
4992	NODE_1_length_4224_cov_31.652429	99.383	162	1	0	1519	1171	1332	4224	3455	3616	2.31e-81	294	162	4992_NODE_1_length_4224_cov_31.652429
4992	NODE_1_length_4224_cov_31.652429	96.552	145	5	0	1519	435	579	4224	1498	1642	3.05e-65	241	145	4992_NODE_1_length_4224_cov_31.652429
4992	NODE_1_length_4224_cov_31.652429	99.213	127	1	0	1519	757	883	4224	2005	2131	6.61e-62	230	127	4992_NODE_1_length_4224_cov_31.652429
4992	NODE_1_length_4224_cov_31.652429	97.414	116	3	0	1519	883	998	4224	2269	2384	1.86e-52	198	116	4992_NODE_1_length_4224_cov_31.652429
4992	NODE_3_length_818_cov_14.140376	88.202	178	16	1	1519	998	1170	818	289	466	3.1e-55	207	178	4992_NODE_3_length_818_cov_14.140376
4992	NODE_5_length_720_cov_4.622260	83.036	224	32	5	1519	211	432	720	344	125	1.86e-52	198	224	4992_NODE_5_length_720_cov_4.622260
4992	NODE_2_length_1037_cov_7.725275	87.826	115	14	0	1519	464	578	1037	665	779	1.48e-33	135	115	4992_NODE_2_length_1037_cov_7.725275
