qseqid	sseqid	paralogy_index	paralogy_index_ignoreMissing	paralog_percent	paralog_percent_ignoreMissing	full_percent	unique_percent	missing_percent
4471	NODE_1_length_2661_cov_26.510655	0.95	1.04	3.3	3.6	92	88.7	8
4527	NODE_1_length_2509_cov_19.227960	0.94	1.01	0.6	0.6	93.3	92.7	6.7
4527	NODE_5_length_886_cov_4.552042	0.32	1	0	0	31.7	31.7	68.3
4527	NODE_3_length_1190_cov_7.309501	0.32	1	0	0	31.7	31.7	68.3
4527	NODE_2_length_1882_cov_57.179487	0.69	1	0.2	0.3	68.9	68.6	31.1
4527	NODE_6_length_869_cov_27.234501	0.58	1	0	0	57.6	57.6	42.4
4527	NODE_7_length_530_cov_31.506203	0.43	1.02	1	2.5	41.9	40.9	58.1
4527	NODE_4_length_957_cov_35.850602	0.57	1	0.2	0.4	56.4	56.2	43.6
4691	NODE_4_length_604_cov_2.450734	0.14	1	0	0	14	14	86
4691	NODE_3_length_808_cov_3.220264	0.14	1	0	0	14	14	86
4691	NODE_1_length_1240_cov_10.689128	0.87	1	0.2	0.2	86.6	86.4	13.4
4691	NODE_2_length_1042_cov_10.280874	0.86	1	0	0	86.4	86.4	13.6
4724	NODE_1_length_2024_cov_17.000527	1	1	0	0	99.8	99.8	0.2
4724	NODE_2_length_1747_cov_18.217284	1.01	1.01	0.9	0.9	100	99.1	0
4724	NODE_3_length_647_cov_2.032692	0.38	1.02	0.9	2.5	37	36.1	63
4744	NODE_2_length_720_cov_5.667791	0.53	1	0	0	53.1	53.1	46.9
4744	NODE_1_length_1114_cov_22.857143	0.34	1	0	0	33.6	33.6	66.4
4757	NODE_2_length_936_cov_5.505562	0.29	1	0	0	29	29	71
4757	NODE_3_length_808_cov_16.218796	0.32	1	0	0	31.8	31.8	68.2
4757	NODE_1_length_1247_cov_26.235714	0.39	1	0	0	39.2	39.2	60.8
4793	NODE_4_length_906_cov_17.863928	0.13	1	0	0	13.5	13.5	86.5
4793	NODE_3_length_1153_cov_17.953216	0.13	1	0	0	13.5	13.5	86.5
4793	NODE_1_length_1621_cov_33.375502	0.64	1	0	0	64.4	64.4	35.6
4793	NODE_2_length_1428_cov_22.833974	0.64	1	0.3	0.5	64	63.7	36
4793	NODE_7_length_242_cov_15.052174	0.06	1	0	0	6.1	6.1	93.9
4796	NODE_1_length_3119_cov_19.657420	1.01	1.04	3.9	4	96.7	92.8	3.3
4802	NODE_2_length_2276_cov_21.790135	0.58	1.01	0.8	1.3	57.7	56.9	42.3
4802	NODE_1_length_2877_cov_16.350909	0.57	1.01	0.5	0.9	56.9	56.4	43.1
4802	NODE_3_length_1359_cov_16.387175	0.31	1.02	0.5	1.7	30.9	30.4	69.1
4806	NODE_1_length_1840_cov_4.727963	0.75	1	0	0	74.9	74.9	25.1
4806	NODE_3_length_875_cov_1.685829	0.42	1	0	0	41.8	41.8	58.2
4806	NODE_2_length_1627_cov_6.203333	0.25	1	0	0	25.1	25.1	74.9
4848	NODE_3_length_807_cov_1.198529	0.36	1	0	0	35.6	35.6	64.4
4848	NODE_1_length_1952_cov_11.523288	0.83	1.01	0.6	0.8	82.3	81.6	17.7
4848	NODE_2_length_1485_cov_6.963918	0.83	1.01	0.6	0.8	82	81.3	18
4889	NODE_1_length_1713_cov_10.697352	0.87	1.01	0.7	0.8	86	85.3	14
4889	NODE_2_length_1670_cov_7.528840	0.22	1	0	0	22.2	22.2	77.8
4890	NODE_2_length_1240_cov_9.988320	0.72	1.02	1.7	2.5	70.3	68.5	29.7
4890	NODE_1_length_1452_cov_6.519245	0.23	1	0	0	22.6	22.6	77.4
4893	NODE_1_length_2371_cov_6.346702	0.87	1.03	2.1	2.5	84.5	82.3	15.5
4893	NODE_2_length_1538_cov_19.274274	0.75	1.04	2.8	3.8	72.6	69.9	27.4
4893	NODE_4_length_591_cov_11.331897	0.47	1.02	0.8	1.7	46.2	45.4	53.8
4932	NODE_1_length_1912_cov_27.254902	0.87	1.01	0.8	0.9	85.8	85	14.2
4932	NODE_2_length_994_cov_10.636678	0.16	1.03	0.4	2.6	15.3	14.9	84.7
4942	NODE_1_length_2685_cov_10.385848	0.82	1.01	0.9	1.1	81.2	80.3	18.8
4942	NODE_3_length_945_cov_4.286064	0.1	1	0	0	10.3	10.3	89.7
4942	NODE_2_length_1815_cov_15.934242	0.77	1.01	0.9	1.1	76	75.1	24
4942	NODE_4_length_513_cov_5.321244	0.13	1	0	0	13.2	13.2	86.8
4951	NODE_1_length_1583_cov_9.400412	0.99	1	0	0	99.5	99.5	0.5
4951	NODE_2_length_1416_cov_11.166020	0.82	1	0	0	81.6	81.6	18.4
4951	NODE_3_length_760_cov_9.236967	0.73	1	0	0	72.8	72.8	27.2
4954	NODE_2_length_1329_cov_28.886023	0.56	1	0.2	0.4	55.5	55.3	44.5
4954	NODE_1_length_1470_cov_20.047655	0.25	1.06	1.3	5.6	23.7	22.4	76.3
4989	NODE_5_length_1221_cov_29.617916	0.95	1	0.3	0.3	94.7	94.4	5.3
4989	NODE_6_length_1217_cov_11.425688	0.95	1	0.3	0.3	94.7	94.4	5.3
4989	NODE_1_length_1404_cov_38.055599	0.95	1	0.3	0.3	94.7	94.4	5.3
4989	NODE_7_length_1169_cov_17.613244	0.95	1	0.3	0.3	94.7	94.4	5.3
4989	NODE_2_length_1373_cov_27.725522	0.95	1	0.3	0.3	94.7	94.4	5.3
4989	NODE_3_length_1247_cov_40.782143	0.95	1	0.3	0.3	94.7	94.4	5.3
4989	NODE_4_length_1240_cov_19.076370	0.95	1	0.3	0.3	94.7	94.4	5.3
4989	NODE_9_length_792_cov_3.918797	0.23	1	0	0	22.7	22.7	77.3
4989	NODE_8_length_1134_cov_8.750745	0.22	1	0	0	21.8	21.8	78.2
4992	NODE_1_length_4588_cov_16.322125	0.98	1.01	0.5	0.5	98	97.4	2
4992	NODE_5_length_884_cov_6.729194	0.08	1	0	0	7.6	7.6	92.4
4992	NODE_7_length_774_cov_2.225657	0.08	1	0	0	7.5	7.5	92.5
