qseqid	sseqid	paralogy_index	paralogy_index_ignoreMissing	paralog_percent	paralog_percent_ignoreMissing	full_percent	unique_percent	missing_percent
4471	NODE_1_length_2731_cov_49.009985	0.95	1.04	3.3	3.6	92	88.7	8
4527	NODE_1_length_2855_cov_28.597507	1.01	1.01	0.9	0.9	100	99.1	0
4527	NODE_3_length_1081_cov_7.472746	0.32	1	0	0	31.7	31.7	68.3
4527	NODE_2_length_1302_cov_24.302979	0.62	1	0	0	62.1	62.1	37.9
4527	NODE_4_length_881_cov_18.050398	0.4	1.03	1	2.7	39	38	61
4527	NODE_5_length_710_cov_46.650086	0.36	1	0	0	36.2	36.2	63.8
4527	NODE_7_length_645_cov_6.283784	0.07	1	0	0	7	7	93
4691	NODE_4_length_835_cov_5.046610	0.14	1	0	0	14	14	86
4691	NODE_3_length_981_cov_3.720141	0.14	1	0	0	14	14	86
4691	NODE_1_length_1236_cov_10.568981	0.87	1	0.2	0.2	86.6	86.4	13.4
4691	NODE_2_length_1014_cov_16.348365	0.86	1	0	0	86.4	86.4	13.6
4724	NODE_2_length_1671_cov_36.648316	1	1	0	0	100	100	0
4724	NODE_1_length_1817_cov_39.301183	1.01	1.01	0.9	0.9	100	99.1	0
4724	NODE_3_length_1187_cov_8.148113	0.72	1	0	0	72.1	72.1	27.9
4744	NODE_2_length_667_cov_4.516667	0.52	1	0	0	51.8	51.8	48.2
4744	NODE_1_length_1151_cov_25.879883	0.34	1	0	0	33.6	33.6	66.4
4757	NODE_3_length_899_cov_7.505181	0.29	1	0	0	29	29	71
4757	NODE_2_length_938_cov_16.589396	0.32	1	0	0	31.8	31.8	68.2
4757	NODE_1_length_1182_cov_19.957346	0.39	1	0	0	39.2	39.2	60.8
4793	NODE_3_length_1287_cov_33.650000	0.13	1	0	0	13.5	13.5	86.5
4793	NODE_4_length_1080_cov_28.279119	0.13	1	0	0	13.5	13.5	86.5
4793	NODE_1_length_1469_cov_42.384501	0.59	1	0	0	58.8	58.8	41.2
4793	NODE_2_length_1449_cov_54.266263	0.59	1.01	0.3	0.5	58.8	58.5	41.2
4796	NODE_1_length_3267_cov_25.308599	1.01	1.04	3.9	4	96.7	92.8	3.3
4796	NODE_2_length_651_cov_5.322519	0.17	1	0	0	16.9	16.9	83.1
4802	NODE_1_length_2289_cov_28.716004	0.58	1.01	0.8	1.3	56.9	56.1	43.1
4802	NODE_2_length_2285_cov_17.312326	0.42	1.02	0.6	1.5	41.5	40.8	58.5
4802	NODE_3_length_1538_cov_26.189936	0.31	1.02	0.5	1.7	30.9	30.4	69.1
4806	NODE_1_length_1673_cov_4.987063	0.87	1.01	0.5	0.6	86	85.5	14
4806	NODE_3_length_731_cov_2.988411	0.42	1	0	0	41.8	41.8	58.2
4806	NODE_2_length_1609_cov_10.326586	0.25	1	0	0	25.1	25.1	74.9
4848	NODE_1_length_2213_cov_10.370566	0.81	1.01	0.6	0.8	80.4	79.7	19.6
4848	NODE_2_length_2067_cov_14.786598	0.83	1.01	0.6	0.8	82.4	81.8	17.6
4889	NODE_1_length_1909_cov_8.694725	0.87	1.01	0.7	0.8	86	85.3	14
4889	NODE_2_length_1515_cov_7.479107	0.22	1	0	0	22.2	22.2	77.8
4890	NODE_3_length_1150_cov_16.778104	0.31	1.02	0.5	1.7	31	30.4	69
4890	NODE_2_length_1342_cov_16.051852	0.61	1.05	2.8	4.8	58.4	55.7	41.6
4890	NODE_1_length_1391_cov_18.232595	0.23	1	0	0	22.6	22.6	77.4
4893	NODE_4_length_542_cov_1.036145	0.18	1	0	0	17.9	17.9	82.1
4893	NODE_2_length_1844_cov_17.758299	0.75	1.03	2.3	3.1	72.6	70.4	27.4
4893	NODE_1_length_2117_cov_18.303015	0.69	1.02	1.2	1.8	67.5	66.3	32.5
4893	NODE_7_length_379_cov_18.126984	0.33	1.01	0.3	0.8	33.2	32.9	66.8
4893	NODE_5_length_511_cov_11.052083	0.27	1.01	0.3	1	27	26.7	73
4932	NODE_1_length_1947_cov_47.301099	0.86	1.01	0.5	0.6	85.8	85.3	14.2
4932	NODE_2_length_977_cov_18.187059	0.16	1.03	0.4	2.6	15.3	14.9	84.7
4942	NODE_4_length_864_cov_26.473541	0.81	1	0	0	80.7	80.7	19.3
4942	NODE_1_length_2909_cov_12.181165	0.82	1.01	0.9	1.1	81.2	80.3	18.8
4942	NODE_3_length_1052_cov_5.020541	0.1	1	0	0	10.3	10.3	89.7
4942	NODE_2_length_1832_cov_15.030499	0.77	1.01	0.9	1.1	76	75.1	24
4942	NODE_5_length_651_cov_21.129771	0.28	1	0	0	28.4	28.4	71.6
4942	NODE_6_length_622_cov_15.531313	0.41	1	0	0	40.9	40.9	59.1
4951	NODE_1_length_1574_cov_14.575674	1.01	1.01	0.5	0.5	100	99.5	0
4951	NODE_2_length_1358_cov_19.721365	1.01	1.01	0.5	0.5	100	99.5	0
4951	NODE_3_length_448_cov_2.358255	0.55	1	0	0	54.6	54.6	45.4
4951	NODE_4_length_201_cov_2.081081	0.09	1	0	0	9.1	9.1	90.9
4954	NODE_1_length_1660_cov_35.060665	0.56	1	0.2	0.4	55.5	55.3	44.5
4954	NODE_2_length_1088_cov_26.536941	0.25	1.06	1.3	5.6	23.7	22.4	76.3
4989	NODE_1_length_1549_cov_28.023910	0.95	1	0.3	0.3	94.7	94.4	5.3
4989	NODE_8_length_1063_cov_10.494658	0.95	1	0.3	0.3	94.7	94.4	5.3
4989	NODE_7_length_1087_cov_9.804167	0.95	1	0.3	0.3	94.7	94.4	5.3
4989	NODE_6_length_1123_cov_29.464859	0.95	1.01	0.6	0.7	94.7	94.1	5.3
4989	NODE_2_length_1277_cov_29.330435	0.95	1	0.3	0.3	94.7	94.4	5.3
4989	NODE_9_length_1019_cov_11.421525	0.95	1	0.3	0.3	94.7	94.4	5.3
4989	NODE_5_length_1159_cov_8.816860	0.95	1	0.3	0.3	94.7	94.4	5.3
4989	NODE_4_length_1204_cov_24.420613	0.43	1	0	0	42.7	42.7	57.3
4989	NODE_3_length_1221_cov_25.514625	0.75	1	0.3	0.4	74.5	74.1	25.5
4992	NODE_1_length_3459_cov_26.343637	0.75	1	0.3	0.4	75	74.7	25
4992	NODE_5_length_594_cov_1.456103	0.11	1	0	0	11.1	11.1	88.9
4992	NODE_2_length_1062_cov_3.484492	0.19	1	0	0	18.7	18.7	81.3
4992	NODE_3_length_1044_cov_15.917121	0.23	1	0	0	23	23	77
