qseqid	sseqid	paralogy_index	paralogy_index_ignoreMissing	paralog_percent	paralog_percent_ignoreMissing	full_percent	unique_percent	missing_percent
4471	NODE_1_length_2523_cov_50.660267	0.95	1.04	3.3	3.6	92	88.7	8
4527	NODE_1_length_2796_cov_37.973398	1.01	1.01	0.9	0.9	100	99.1	0
4527	NODE_2_length_1201_cov_7.537244	0.32	1	0	0	31.7	31.7	68.3
4527	NODE_3_length_1135_cov_68.146825	0.62	1	0	0	62.1	62.1	37.9
4527	NODE_6_length_306_cov_37.346369	0.15	1.02	0.2	1.6	14.8	14.5	85.2
4691	NODE_4_length_695_cov_8.137324	0.14	1	0	0	14	14	86
4691	NODE_3_length_801_cov_6.454006	0.14	1	0	0	14	14	86
4691	NODE_1_length_949_cov_16.476886	0.61	1	0.2	0.3	60.9	60.7	39.1
4691	NODE_2_length_915_cov_27.522843	0.86	1	0	0	86.4	86.4	13.6
4724	NODE_1_length_1625_cov_47.315087	1	1	0	0	100	100	0
4724	NODE_2_length_1603_cov_29.378726	1.01	1.01	0.9	0.9	100	99.1	0
4744	NODE_2_length_631_cov_4.890873	0.52	1	0	0	51.8	51.8	48.2
4744	NODE_1_length_893_cov_52.983029	0.34	1	0	0	33.6	33.6	66.4
4757	NODE_3_length_858_cov_12.138167	0.29	1	0	0	29	29	71
4757	NODE_2_length_921_cov_22.892947	0.32	1	0	0	31.8	31.8	68.2
4757	NODE_1_length_1208_cov_31.881591	0.39	1	0	0	39.2	39.2	60.8
4793	NODE_3_length_945_cov_34.200489	0.13	1	0	0	13.5	13.5	86.5
4793	NODE_4_length_901_cov_27.425065	0.13	1	0	0	13.5	13.5	86.5
4793	NODE_5_length_628_cov_19.055888	0.13	1	0	0	13.5	13.5	86.5
4793	NODE_1_length_1506_cov_55.591733	0.64	1	0.3	0.5	64	63.7	36
4793	NODE_2_length_1343_cov_73.111020	0.54	1	0	0	53.5	53.5	46.5
4796	NODE_1_length_1656_cov_55.534990	0.75	1.02	1.8	2.5	73.2	71.4	26.8
4796	NODE_2_length_1352_cov_11.476735	0.17	1	0	0	16.9	16.9	83.1
4802	NODE_1_length_3709_cov_32.667225	0.89	1.02	1.4	1.6	87.6	86.2	12.4
4802	NODE_3_length_640_cov_5.066277	0.11	1	0	0	10.7	10.7	89.3
4802	NODE_2_length_1396_cov_25.087470	0.31	1.02	0.5	1.7	30.9	30.4	69.1
4806	NODE_3_length_802_cov_5.545185	0.42	1	0	0	41.8	41.8	58.2
4806	NODE_4_length_467_cov_1.511765	0.42	1	0	0	41.8	41.8	58.2
4806	NODE_2_length_1304_cov_5.937978	0.53	1.01	0.5	1	52.8	52.2	47.2
4806	NODE_1_length_1349_cov_14.579378	0.25	1	0	0	25.1	25.1	74.9
4848	NODE_1_length_2412_cov_10.506783	1	1.01	0.6	0.6	99.2	98.6	0.8
4848	NODE_3_length_445_cov_2.528302	0.28	1	0	0	28.2	28.2	71.8
4848	NODE_2_length_1916_cov_24.612633	0.83	1.01	0.6	0.8	82.4	81.8	17.6
4889	NODE_1_length_1681_cov_9.331403	0.87	1.01	0.7	0.8	86	85.3	14
4889	NODE_2_length_1620_cov_10.948426	0.49	1	0	0	49	49	51
4890	NODE_1_length_1297_cov_16.277778	0.31	1.02	0.5	1.7	31	30.4	69
4890	NODE_2_length_1206_cov_17.595922	0.61	1.05	2.8	4.8	58.4	55.7	41.6
4890	NODE_3_length_1134_cov_22.271102	0.17	1	0	0	16.9	16.9	83.1
4893	NODE_1_length_2371_cov_19.446970	0.93	1.04	3.6	4	89.6	86.1	10.4
4893	NODE_2_length_1360_cov_24.589619	0.61	1.03	2	3.3	59.5	57.5	40.5
4932	NODE_1_length_1645_cov_54.014493	0.87	1.01	0.8	0.9	85.8	85	14.2
4932	NODE_2_length_1006_cov_14.387941	0.16	1.03	0.4	2.6	15.3	14.9	84.7
4942	NODE_1_length_2719_cov_12.227623	0.84	1.01	0.9	1.1	82.8	81.9	17.2
4942	NODE_3_length_770_cov_5.032659	0.1	1	0	0	10.3	10.3	89.7
4942	NODE_2_length_1592_cov_23.016382	0.62	1.01	0.9	1.4	61.1	60.3	38.9
4942	NODE_8_length_144_cov_11.352941	0.13	1	0	0	12.5	12.5	87.5
4942	NODE_7_length_225_cov_2.479592	0.1	1	0	0	9.6	9.6	90.4
4951	NODE_2_length_1191_cov_23.355263	1.01	1.01	0.5	0.5	100	99.5	0
4951	NODE_1_length_1241_cov_27.096948	0.96	1	0	0	96.4	96.4	3.6
4951	NODE_4_length_585_cov_13.864629	0.43	1.01	0.5	1.3	42.2	41.6	57.8
4951	NODE_3_length_840_cov_18.849930	0.71	1	0	0	71.2	71.2	28.8
4954	NODE_1_length_1487_cov_52.065441	0.56	1	0.2	0.4	55.9	55.7	44.1
4954	NODE_2_length_1238_cov_34.010801	0.24	1.02	0.4	1.9	23.7	23.3	76.3
4954	NODE_3_length_475_cov_2.094828	0.08	1	0	0	8.3	8.3	91.7
4989	NODE_12_length_765_cov_33.302508	0.95	1	0.3	0.3	94.7	94.4	5.3
4989	NODE_6_length_1177_cov_27.350476	0.95	1	0.3	0.3	94.7	94.4	5.3
4989	NODE_14_length_638_cov_2.454012	0.56	1	0	0	56.4	56.4	43.6
4989	NODE_1_length_1330_cov_63.409809	0.95	1	0.3	0.3	94.7	94.4	5.3
4989	NODE_7_length_1105_cov_21.234151	0.95	1	0.3	0.3	94.7	94.4	5.3
4989	NODE_5_length_1186_cov_32.441926	0.95	1	0.3	0.3	94.7	94.4	5.3
4989	NODE_3_length_1207_cov_30.156481	0.95	1	0.3	0.3	94.7	94.4	5.3
4989	NODE_11_length_844_cov_23.927476	0.95	1	0.3	0.3	94.7	94.4	5.3
4989	NODE_8_length_1099_cov_20.439300	0.95	1	0.3	0.3	94.7	94.4	5.3
4989	NODE_2_length_1308_cov_20.922947	0.95	1	0.3	0.3	94.7	94.4	5.3
4989	NODE_4_length_1192_cov_43.863850	0.95	1	0.3	0.3	94.7	94.4	5.3
4989	NODE_10_length_871_cov_28.012097	0.95	1	0.3	0.3	94.7	94.4	5.3
4989	NODE_13_length_745_cov_3.268608	0.48	1	0	0	47.7	47.7	52.3
4989	NODE_15_length_506_cov_11.934037	0.41	1	0	0	40.8	40.8	59.2
4989	NODE_16_length_457_cov_1.551515	0.39	1	0	0	38.6	38.6	61.4
4989	NODE_9_length_1030_cov_29.369878	0.39	1	0	0	38.6	38.6	61.4
4992	NODE_1_length_4406_cov_27.415050	0.98	1.01	0.5	0.5	98	97.4	2
4992	NODE_6_length_570_cov_1.645598	0.05	1	0	0	5.5	5.5	94.5
4992	NODE_4_length_1111_cov_5.949187	0.08	1	0	0	7.6	7.6	92.4
4992	NODE_8_length_272_cov_2.806897	0.04	1	0	0	3.8	3.8	96.2
