qseqid	sseqid	pident	length	mismatch	gapopen	qlen	qstart	qend	slen	sstart	send	evalue	bitscore	length.nuc	pair
4471	NODE_1_length_2851_cov_96.964311	96.748	123	4	0	662	54	176	2851	573	695	3.69e-55	206	123	4471_NODE_1_length_2851_cov_96.964311
4471	NODE_1_length_2851_cov_96.964311	90.909	110	9	1	662	554	662	2851	2232	2341	2.27e-37	147	110	4471_NODE_1_length_2851_cov_96.964311
4471	NODE_1_length_2851_cov_96.964311	93.069	101	7	0	662	457	557	2851	1814	1914	6.31e-38	148	101	4471_NODE_1_length_2851_cov_96.964311
4471	NODE_1_length_2851_cov_96.964311	95.918	98	4	0	662	174	271	2851	943	1040	2.91e-41	159	98	4471_NODE_1_length_2851_cov_96.964311
4527	NODE_1_length_2656_cov_165.646762	92.897	535	38	0	861	269	803	2656	1127	593	0	778	535	4527_NODE_1_length_2656_cov_165.646762
4527	NODE_1_length_2656_cov_165.646762	91.575	273	23	0	861	1	273	2656	2234	1962	9.67e-107	377	273	4527_NODE_1_length_2656_cov_165.646762
4691	NODE_1_length_1430_cov_134.149298	92.369	249	19	0	537	74	322	1430	534	782	2.79e-100	355	249	4691_NODE_1_length_1430_cov_134.149298
4724	NODE_1_length_2022_cov_116.751671	91.803	244	20	0	660	1	244	2022	1531	1288	9.66e-96	340	244	4724_NODE_1_length_2022_cov_116.751671
4724	NODE_1_length_2022_cov_116.751671	87.895	190	23	0	660	471	660	2022	616	427	1.02e-60	224	190	4724_NODE_1_length_2022_cov_116.751671
4724	NODE_1_length_2022_cov_116.751671	92.405	79	6	0	660	245	323	2022	1196	1118	2.29e-27	113	79	4724_NODE_1_length_2022_cov_116.751671
4724	NODE_2_length_1191_cov_32.294434	88.163	245	28	1	660	1	244	1191	470	714	9.87e-81	291	245	4724_NODE_2_length_1191_cov_32.294434
4744	NODE_1_length_2040_cov_41.266429	92.105	76	6	0	226	118	193	2040	614	539	3.49e-26	108	76	4744_NODE_1_length_2040_cov_41.266429
4757	NODE_1_length_2570_cov_63.622543	91.765	170	14	0	551	166	335	2570	545	714	1.08e-64	237	170	4757_NODE_1_length_2570_cov_63.622543
4757	NODE_1_length_2570_cov_63.622543	92.857	112	8	0	551	440	551	2570	1945	2056	1.86e-42	163	112	4757_NODE_1_length_2570_cov_63.622543
4757	NODE_1_length_2570_cov_63.622543	97.115	104	3	0	551	336	439	2570	1712	1815	2.4e-46	176	104	4757_NODE_1_length_2570_cov_63.622543
4793	NODE_1_length_2912_cov_136.995062	88.3	547	57	5	1011	182	723	2912	1118	574	0	649	547	4793_NODE_1_length_2912_cov_136.995062
4793	NODE_1_length_2912_cov_136.995062	92.647	136	10	0	1011	1	136	2912	2330	2195	3.42e-52	196	136	4793_NODE_1_length_2912_cov_136.995062
4793	NODE_2_length_457_cov_1.094737	89.552	201	17	4	1011	776	974	457	13	211	7.19e-69	252	201	4793_NODE_2_length_457_cov_1.094737
4796	NODE_2_length_1754_cov_16.339296	95.495	111	5	0	720	610	720	1754	1212	1322	8.77e-47	178	111	4796_NODE_2_length_1754_cov_16.339296
4796	NODE_2_length_1754_cov_16.339296	95.161	62	3	0	720	537	598	1754	603	664	7.02e-23	99	62	4796_NODE_2_length_1754_cov_16.339296
4796	NODE_1_length_1858_cov_99.145424	90.435	115	10	1	720	25	138	1858	620	734	1.91e-38	150	115	4796_NODE_1_length_1858_cov_99.145424
4802	NODE_1_length_2741_cov_102.526652	95.041	121	6	0	784	270	390	2741	905	1025	1.23e-50	191	121	4802_NODE_1_length_2741_cov_102.526652
4802	NODE_1_length_2741_cov_102.526652	92.793	111	8	0	784	673	783	2741	2388	2498	9.63e-42	161	111	4802_NODE_1_length_2741_cov_102.526652
4802	NODE_1_length_2741_cov_102.526652	94.048	84	5	0	784	460	543	2741	1316	1399	9.77e-32	128	84	4802_NODE_1_length_2741_cov_102.526652
4802	NODE_1_length_2741_cov_102.526652	95.522	67	3	0	784	171	237	2741	424	490	1.27e-25	108	67	4802_NODE_1_length_2741_cov_102.526652
4802	NODE_2_length_1112_cov_26.547826	93.388	121	8	0	784	270	390	1112	653	533	2.66e-47	180	121	4802_NODE_2_length_1112_cov_26.547826
4806	NODE_1_length_2268_cov_42.741670	91.667	108	9	0	557	234	341	2268	846	739	1.47e-38	150	108	4806_NODE_1_length_2268_cov_42.741670
4806	NODE_1_length_2268_cov_42.741670	95.455	66	2	1	557	335	400	2268	656	592	1.16e-24	104	66	4806_NODE_1_length_2268_cov_42.741670
4806	NODE_2_length_2209_cov_24.521576	93.548	62	4	0	557	339	400	2209	1633	1694	2.51e-21	93.5	62	4806_NODE_2_length_2209_cov_24.521576
4848	NODE_1_length_2923_cov_32.840478	88.727	275	31	0	621	4	278	2923	2494	2220	1.17e-94	337	275	4848_NODE_1_length_2923_cov_32.840478
4848	NODE_1_length_2923_cov_32.840478	90.991	222	18	2	621	274	495	2923	1665	1446	5.54e-83	298	222	4848_NODE_1_length_2923_cov_32.840478
4889	NODE_1_length_1438_cov_28.700955	95.868	121	5	0	559	207	327	1438	790	910	1.87e-52	196	121	4889_NODE_1_length_1438_cov_28.700955
4890	NODE_1_length_1530_cov_32.858913	90.84	131	12	0	575	103	233	1530	513	643	2.5e-46	176	131	4890_NODE_1_length_1530_cov_32.858913
4890	NODE_1_length_1530_cov_32.858913	89.13	92	9	1	575	233	324	1530	861	951	1.99e-27	113	92	4890_NODE_1_length_1530_cov_32.858913
4893	NODE_1_length_3065_cov_57.143240	88.889	135	14	1	753	19	153	3065	408	541	7.15e-43	165	135	4893_NODE_1_length_3065_cov_57.143240
4893	NODE_1_length_3065_cov_57.143240	94.574	129	7	0	753	366	494	3065	1390	1518	1.96e-53	200	129	4893_NODE_1_length_3065_cov_57.143240
4893	NODE_1_length_3065_cov_57.143240	88.333	120	14	0	753	248	367	3065	1153	1272	9.31e-37	145	120	4893_NODE_1_length_3065_cov_57.143240
4893	NODE_1_length_3065_cov_57.143240	95.146	103	5	0	753	492	594	3065	1965	2067	2.57e-42	163	103	4893_NODE_1_length_3065_cov_57.143240
4932	NODE_1_length_2208_cov_240.354294	91.002	489	44	0	996	1	489	2208	525	1013	0	660	489	4932_NODE_1_length_2208_cov_240.354294
4932	NODE_1_length_2208_cov_240.354294	94.186	172	10	0	996	487	658	2208	1259	1430	3.27e-72	263	172	4932_NODE_1_length_2208_cov_240.354294
4942	NODE_1_length_3159_cov_46.019143	94.479	163	9	0	574	337	499	3159	1281	1119	4.04e-69	252	163	4942_NODE_1_length_3159_cov_46.019143
4942	NODE_1_length_3159_cov_46.019143	95.726	117	5	0	574	224	340	3159	1694	1578	3.21e-50	189	117	4942_NODE_1_length_3159_cov_46.019143
4951	NODE_1_length_867_cov_189.692405	90.909	396	33	1	548	153	545	867	1	396	1.59e-152	529	396	4951_NODE_1_length_867_cov_189.692405
4951	NODE_3_length_603_cov_48.311787	95.935	123	5	0	548	426	548	603	603	481	1.41e-53	200	123	4951_NODE_3_length_603_cov_48.311787
4951	NODE_2_length_629_cov_131.034420	91.852	135	9	2	548	97	229	629	495	629	1.1e-49	187	135	4951_NODE_2_length_629_cov_131.034420
4951	NODE_4_length_512_cov_150.977011	92	100	8	0	548	1	100	512	46	145	8.69e-36	141	100	4951_NODE_4_length_512_cov_150.977011
4954	NODE_1_length_1553_cov_142.088076	90.238	420	41	0	911	1	420	1553	1040	621	2.05e-158	549	420	4954_NODE_1_length_1553_cov_142.088076
4954	NODE_1_length_1553_cov_142.088076	90.11	91	9	0	911	419	509	1553	216	126	6.84e-29	119	91	4954_NODE_1_length_1553_cov_142.088076
4954	NODE_2_length_1484_cov_55.846482	96.842	95	3	0	911	506	600	1484	648	742	4.03e-41	159	95	4954_NODE_2_length_1484_cov_55.846482
4954	NODE_2_length_1484_cov_55.846482	98.305	59	1	0	911	663	721	1484	1033	1091	1.92e-24	104	59	4954_NODE_2_length_1484_cov_55.846482
4989	NODE_1_length_1595_cov_78.788538	94.475	181	10	0	321	1	181	1595	1071	891	1.01e-77	279	181	4989_NODE_1_length_1595_cov_78.788538
4989	NODE_1_length_1595_cov_78.788538	94.355	124	7	0	321	181	304	1595	773	650	4.89e-51	191	124	4989_NODE_1_length_1595_cov_78.788538
4992	NODE_1_length_4014_cov_129.761748	93.562	233	15	0	1519	202	434	4014	3134	2902	1.35e-97	348	233	4992_NODE_1_length_4014_cov_129.761748
4992	NODE_1_length_4014_cov_129.761748	96.648	179	6	0	1519	580	758	4014	2534	2356	1.38e-82	298	179	4992_NODE_1_length_4014_cov_129.761748
4992	NODE_1_length_4014_cov_129.761748	94.118	170	10	0	1519	1001	1170	4014	1567	1398	6.49e-71	259	170	4992_NODE_1_length_4014_cov_129.761748
4992	NODE_1_length_4014_cov_129.761748	96.364	165	6	0	1519	1171	1335	4014	953	789	8.34e-75	272	165	4992_NODE_1_length_4014_cov_129.761748
4992	NODE_1_length_4014_cov_129.761748	92.683	164	12	0	1519	39	202	4014	3391	3228	3.04e-64	237	164	4992_NODE_1_length_4014_cov_129.761748
4992	NODE_1_length_4014_cov_129.761748	94.483	145	8	0	1519	435	579	4014	2780	2636	2.37e-60	224	145	4992_NODE_1_length_4014_cov_129.761748
4992	NODE_1_length_4014_cov_129.761748	92.437	119	9	0	1519	883	1001	4014	1994	1876	3.13e-44	171	119	4992_NODE_1_length_4014_cov_129.761748
